00001100000000000000000000000000
01001000000000000000000000000000
00001100000000000000000000001001
01001000000000000000000000000001
00001100000000000000000000000000
01001000000000000000000000000010
01001100000000000000000000000000
01010100000000000000000000000001
00101100000000000000000000010000
01001100000000000000000000000000
00010000000000000000000000000001
01001000000000000000000000000000
01001100000000000000000000000010
01010000000000000000000000000000
01001000000000000000000000000010
00100000000000000000000000000110
01000100000000000000000000000010
00000000000000000000000000000000